26206,42.365494,-71.096788
23652,42.363601,-71.09108
44466,42.361125,-71.092605
23635,42.367759,-71.091574
26093,42.369126,-71.095567
41112,42.364079,-71.096707
26207,42.36555,-71.099856
23645,42.367827,-71.091767
23647,42.367957,-71.091446
23633,42.369883,-71.090282
23634,42.370428,-71.09477
23638,42.366599,-71.095485
23641,42.368935,-71.092854
23642,42.370235,-71.089752
23649,42.363543,-71.10097
23651,42.373171,-71.098162
23654,42.370401,-71.08928
23744,42.368219,-71.107706
23751,42.369513,-71.097324
23752,42.362749,-71.104978
23734,42.371471,-71.090093
23739,42.365096,-71.097048
23740,42.369764,-71.093202
23741,42.379158,-71.107576
23742,42.372851,-71.094798
41105,42.371529,-71.089644
41107,42.369557,-71.084487
41109,42.373953,-71.101388
41120,42.36015,-71.088829
41123,42.370218,-71.093328
36878,42.357241,-71.107956
36857,42.366256,-71.102231
3370,42.361125,-71.092605
